At time 1761045618.840588446
- Translation: [0.000, -0.000, 0.000]
- Rotation: in Quaternion [0.000, 0.000, 0.798, 0.602]
- Rotation: in RPY (radian) [0.000, -0.000, 1.849]
- Rotation: in RPY (degree) [0.000, -0.000, 105.939]
- Matrix:
 -0.275 -0.962  0.000  0.000
  0.962 -0.275  0.000 -0.000
  0.000  0.000  1.000  0.000
  0.000  0.000  0.000  1.000
At time 1761045619.832316981
- Translation: [0.000, -0.000, 0.000]
- Rotation: in Quaternion [0.000, 0.000, 0.708, 0.706]
- Rotation: in RPY (radian) [0.000, -0.000, 1.573]
- Rotation: in RPY (degree) [0.000, -0.000, 90.127]
- Matrix:
 -0.002 -1.000  0.000  0.000
  1.000 -0.002  0.000 -0.000
  0.000  0.000  1.000  0.000
  0.000  0.000  0.000  1.000
At time 1761045620.841020974
- Translation: [-1.731, 0.179, 0.000]
- Rotation: in Quaternion [0.000, 0.000, 0.454, 0.891]
- Rotation: in RPY (radian) [0.000, -0.000, 0.942]
- Rotation: in RPY (degree) [0.000, -0.000, 53.996]
- Matrix:
  0.588 -0.809  0.000 -1.731
  0.809  0.588  0.000  0.179
  0.000  0.000  1.000  0.000
  0.000  0.000  0.000  1.000
At time 1761045621.832885909
- Translation: [-1.286, -0.539, 0.000]
- Rotation: in Quaternion [0.000, 0.000, 0.269, 0.963]
- Rotation: in RPY (radian) [0.000, -0.000, 0.546]
- Rotation: in RPY (degree) [0.000, -0.000, 31.258]
- Matrix:
  0.855 -0.519  0.000 -1.286
  0.519  0.855  0.000 -0.539
  0.000  0.000  1.000  0.000
  0.000  0.000  0.000  1.000
At time 1761045622.840803733
- Translation: [-1.832, -0.693, 0.000]
- Rotation: in Quaternion [0.000, 0.000, 0.378, 0.926]
- Rotation: in RPY (radian) [0.000, -0.000, 0.776]
- Rotation: in RPY (degree) [0.000, -0.000, 44.461]
- Matrix:
  0.714 -0.700  0.000 -1.832
  0.700  0.714  0.000 -0.693
  0.000  0.000  1.000  0.000
  0.000  0.000  0.000  1.000
At time 1761045623.832189542
- Translation: [-1.968, -0.910, 0.000]
- Rotation: in Quaternion [0.000, 0.000, 0.497, 0.868]
- Rotation: in RPY (radian) [0.000, -0.000, 1.040]
- Rotation: in RPY (degree) [0.000, -0.000, 59.601]
- Matrix:
  0.506 -0.863  0.000 -1.968
  0.863  0.506  0.000 -0.910
  0.000  0.000  1.000  0.000
  0.000  0.000  0.000  1.000
At time 1761045624.840952188
- Translation: [-2.129, -1.178, 0.000]
- Rotation: in Quaternion [0.000, 0.000, 0.560, 0.829]
- Rotation: in RPY (radian) [0.000, -0.000, 1.189]
- Rotation: in RPY (degree) [0.000, -0.000, 68.103]
- Matrix:
  0.373 -0.928  0.000 -2.129
  0.928  0.373  0.000 -1.178
  0.000  0.000  1.000  0.000
  0.000  0.000  0.000  1.000
At time 1761045625.832991887
- Translation: [-2.014, -1.650, 0.000]
- Rotation: in Quaternion [-0.000, -0.000, 0.594, 0.805]
- Rotation: in RPY (radian) [-0.000, -0.000, 1.272]
- Rotation: in RPY (degree) [-0.000, -0.000, 72.865]
- Matrix:
  0.295 -0.956 -0.000 -2.014
  0.956  0.295  0.000 -1.650
  0.000 -0.000  1.000  0.000
  0.000  0.000  0.000  1.000
At time 1761045626.841014651
- Translation: [-0.372, -2.137, 0.000]
- Rotation: in Quaternion [0.000, 0.000, 0.792, 0.610]
- Rotation: in RPY (radian) [0.000, -0.000, 1.829]
- Rotation: in RPY (degree) [0.000, -0.000, 104.796]
- Matrix:
 -0.255 -0.967  0.000 -0.372
  0.967 -0.255  0.000 -2.137
  0.000  0.000  1.000  0.000
  0.000  0.000  0.000  1.000
At time 1761045627.831665363
- Translation: [-1.950, -1.051, 0.000]
- Rotation: in Quaternion [0.000, 0.000, 0.632, 0.775]
- Rotation: in RPY (radian) [0.000, -0.000, 1.368]
- Rotation: in RPY (degree) [0.000, -0.000, 78.390]
- Matrix:
  0.201 -0.980  0.000 -1.950
  0.980  0.201  0.000 -1.051
  0.000  0.000  1.000  0.000
  0.000  0.000  0.000  1.000
At time 1761045628.840938196
- Translation: [-1.636, -0.281, 0.000]
- Rotation: in Quaternion [0.000, 0.000, 0.312, 0.950]
- Rotation: in RPY (radian) [0.000, -0.000, 0.634]
- Rotation: in RPY (degree) [0.000, -0.000, 36.313]
- Matrix:
  0.806 -0.592  0.000 -1.636
  0.592  0.806  0.000 -0.281
  0.000  0.000  1.000  0.000
  0.000  0.000  0.000  1.000
At time 1761045629.832388308
- Translation: [-0.804, -1.211, 0.000]
- Rotation: in Quaternion [0.000, 0.000, 0.562, 0.827]
- Rotation: in RPY (radian) [0.000, -0.000, 1.194]
- Rotation: in RPY (degree) [0.000, -0.000, 68.433]
- Matrix:
  0.368 -0.930  0.000 -0.804
  0.930  0.368  0.000 -1.211
  0.000  0.000  1.000  0.000
  0.000  0.000  0.000  1.000
At time 1761045630.840615723
- Translation: [-1.992, -0.557, 0.000]
- Rotation: in Quaternion [0.000, 0.000, 0.482, 0.876]
- Rotation: in RPY (radian) [0.000, -0.000, 1.005]
- Rotation: in RPY (degree) [0.000, -0.000, 57.596]
- Matrix:
  0.536 -0.844  0.000 -1.992
  0.844  0.536  0.000 -0.557
  0.000  0.000  1.000  0.000
  0.000  0.000  0.000  1.000
At time 1761045631.832898513
- Translation: [-1.672, -1.175, 0.000]
- Rotation: in Quaternion [0.000, 0.000, 0.628, 0.778]
- Rotation: in RPY (radian) [0.000, -0.000, 1.359]
- Rotation: in RPY (degree) [0.000, -0.000, 77.864]
- Matrix:
  0.210 -0.978  0.000 -1.672
  0.978  0.210  0.000 -1.175
  0.000  0.000  1.000  0.000
  0.000  0.000  0.000  1.000
At time 1761045632.840544298
- Translation: [-2.162, -0.280, 0.000]
- Rotation: in Quaternion [0.000, 0.000, 0.353, 0.936]
- Rotation: in RPY (radian) [0.000, -0.000, 0.721]
- Rotation: in RPY (degree) [0.000, -0.000, 41.318]
- Matrix:
  0.751 -0.660  0.000 -2.162
  0.660  0.751  0.000 -0.280
  0.000  0.000  1.000  0.000
  0.000  0.000  0.000  1.000
At time 1761045633.832888139
- Translation: [-1.197, 0.135, 0.000]
- Rotation: in Quaternion [0.000, 0.000, 0.069, 0.998]
- Rotation: in RPY (radian) [0.000, -0.000, 0.139]
- Rotation: in RPY (degree) [0.000, -0.000, 7.949]
- Matrix:
  0.990 -0.138  0.000 -1.197
  0.138  0.990  0.000  0.135
  0.000  0.000  1.000  0.000
  0.000  0.000  0.000  1.000
At time 1761045634.841158982
- Translation: [-0.591, 0.140, 0.000]
- Rotation: in Quaternion [0.000, 0.000, -0.057, 0.998]
- Rotation: in RPY (radian) [0.000, 0.000, -0.115]
- Rotation: in RPY (degree) [0.000, 0.000, -6.571]
- Matrix:
  0.993  0.114  0.000 -0.591
 -0.114  0.993 -0.000  0.140
 -0.000  0.000  1.000  0.000
  0.000  0.000  0.000  1.000
At time 1761045635.832417984
- Translation: [-0.291, 0.087, 0.000]
- Rotation: in Quaternion [0.000, 0.000, -0.116, 0.993]
- Rotation: in RPY (radian) [0.000, 0.000, -0.233]
- Rotation: in RPY (degree) [0.000, 0.000, -13.376]
- Matrix:
  0.973  0.231  0.000 -0.291
 -0.231  0.973 -0.000  0.087
 -0.000  0.000  1.000  0.000
  0.000  0.000  0.000  1.000
At time 1761045636.840210926
- Translation: [-0.143, 0.047, 0.000]
- Rotation: in Quaternion [0.000, 0.000, -0.145, 0.989]
- Rotation: in RPY (radian) [0.000, 0.000, -0.291]
- Rotation: in RPY (degree) [0.000, 0.000, -16.687]
- Matrix:
  0.958  0.287  0.000 -0.143
 -0.287  0.958 -0.000  0.047
 -0.000  0.000  1.000  0.000
  0.000  0.000  0.000  1.000
At time 1761045637.832312002
- Translation: [-0.071, 0.024, 0.000]
- Rotation: in Quaternion [0.000, 0.000, -0.159, 0.987]
- Rotation: in RPY (radian) [0.000, 0.000, -0.319]
- Rotation: in RPY (degree) [0.000, 0.000, -18.279]
- Matrix:
  0.950  0.314  0.000 -0.071
 -0.314  0.950 -0.000  0.024
 -0.000  0.000  1.000  0.000
  0.000  0.000  0.000  1.000
At time 1761045638.841672797
- Translation: [-0.035, 0.012, 0.000]
- Rotation: in Quaternion [0.000, 0.000, -0.166, 0.986]
- Rotation: in RPY (radian) [0.000, 0.000, -0.333]
- Rotation: in RPY (degree) [0.000, 0.000, -19.063]
- Matrix:
  0.945  0.327  0.000 -0.035
 -0.327  0.945 -0.000  0.012
 -0.000  0.000  1.000  0.000
  0.000  0.000  0.000  1.000
At time 1761045639.832181614
- Translation: [-0.017, 0.006, 0.000]
- Rotation: in Quaternion [0.000, 0.000, -0.169, 0.986]
- Rotation: in RPY (radian) [0.000, 0.000, -0.339]
- Rotation: in RPY (degree) [0.000, 0.000, -19.440]
- Matrix:
  0.943  0.333  0.000 -0.017
 -0.333  0.943 -0.000  0.006
 -0.000  0.000  1.000  0.000
  0.000  0.000  0.000  1.000
