linear:
  x: 10.0
  y: 0.0
  z: 0.0
angular:
  x: 0.0
  y: 0.0
  z: 6.283185307179586
---
linear:
  x: 10.0
  y: 0.0
  z: 0.0
angular:
  x: 0.0
  y: 0.0
  z: -6.283185307179586
---
